India, 0, 12, 5, 20, 5.3, 1.2, 2.58,25
Japan, 12, 0, 5, 6, 7,6.5, 6.27,7.25
Hong Kong, 5, 5, 0, 2.4, 2.86, 5.1, 3.25,13
Vietnam, 20, 6, 2.4, 0, 3.1, 8.4, 2.15,1.5
Singapore, 5.3, 7, 2.86, 3.1,0,4.5, 3, 1.2
Nepal,1.2, 6.5, 5.1, 8.4, 4.5, 0, 2.3, 4
Myanmar, 2.58, 6.27, 3.25, 2.15, 3, 2.3,0,2
Malaysia,25, 7.25, 13,1.5, 1.2, 4, 2, 0